E00N10 20 20 10
   1  13   4   5   5   7   7   7   7   8   2  13   8   4   1  11   4  14  17   6
E00N15 20 20 15
   2   6   1  17  11   2   4   3   1  13  10   4   1   5  13   5   7   4  11   3
   4  14   5   3   1   2   8   2  16   4
E00N23 20 20 23
   1   5  20   3   5   7   1   5   4  13   7   7   7   5  16   2  11   4   5   5
   1   3   1   6   1   5   1   3   1   3   2   2   1   6   2   2   1   3   1   4
   2   2   1   5   1   8
E00X23 20 20 23
   9   3  15   4   9   3  17   2   6  11   4  15   1   7  11   3   5   5   1   5
   1   2   1   3   1   2   1   4   1   7   1   3   1   7   1   3   1   4   1   2
   1   4   1   5   5   2
E02F17 20 20 17
   3   7  13   4   2  14   1   6   6   7  15   2   5   2   5   8   7   3   1  20
  15   2   2   3   4  14   1   9   2   5   1   3   3   3
E02F20 20 20 20
   1  15   2   3   3  15   8   4   7   8   1  11   1   2   6   3   2  11   4  11
   6   2   3   3   3  14   6   4  13   2   1   2   1   7   1   3   2   4   4   2
E02F22 20 20 22
   3   5  13   3   3   9   5   6  10   4   1  12   3  13   2   4  19   2   1   9
   3  18   5   7   2   2   2   2   1   5   1   5   1   2   1   6   2   2   2   2
   1   2   5   2
E02N20 20 20 20
   7   9  12   3   1  18   1  20   3  20   9   7   1   2  10   3   1   6   5   5
   1  13   4   2   1   2   1   5   4   5   1   2   1   6   2   2   1   2   5   2
E03N10 20 20 10
  14   2   1   7   1  11   4   4   6   9  16   2   2   3  19   3   1   9  14  12
E03N15 20 20 15
   3  13  13   4   1   4  16   2   1  17   3   9   2  11   8   6   6  11   5   9
   1  10   3   3   1   5   1   3   1   9
E03N16 20 20 16
   1   9   5   5   2  13   1   9   2  11   1  17  10   2  16   4   1   9  13   5
  15   2   4  11   6   3   5   3   1   4   1  11
E03N17 20 20 17
   1  20   1   5   7   7   2  16   6   4   5   3   1   3  16   4  17   2   5  13
  10   5   1   4   1   3   1   5   1   3   1   3   2   5
E03X18 20 20 18
  18   3  13   2   7   3   2  17   4  16   2  16   7   8   5   5   1   6   1  12
   1   2   1   5  10   2   3   3   1   5   1   4   2   2   3   3
E04F15 20 20 15
   3  13   7   8   5  13  13   4   7   2   3   9  10   4  13   2   7   2   9   3
   2   2   1   3   1   5   1   3   1   9
E04F17 20 20 17
   2   6  11   2  10   4  19   2   2   2   8   3   7   9   2  16   3  10   9   7
   3   3   3   6   1   3   1   2   1   7   2   2   1  13
E04F19 20 20 19
   9   7   6   9   9   4   1   7   1   9   4   2   2   9   8   5   3  10   5   2
   3   7   5   5   3  11   1   6   1   2   1   2   1   4   1   3   1  13
E04F20 20 20 20
   4  13   1  17   3  11   9   7   7   7   1  13   6   5   1  13  17   2   1   3
   1   5   3   3   1  10   1   3   2   4   1  10   8   2   2   2   1   3   1   9
E04N15 20 20 15
  19   3   1   4   1   5   3   9   5  11   9   3  15   3  10   5   2  16   8   2
   1  11   1  13   1  17   1  12   1  13
E04N17 20 20 17
   2   5   8   4   3  20   1  20  11   5   3  17   5  10   1  14   2  14   1   2
   1   4   9   4   1   3   3   2   1   3   1   2   1  12
E04N18 20 20 18
   1  20   2   4  11   6   5  10   7   3  17   3   1  20  12   4   2  15  17   2
   1   3   1   4   1   3   1   2   1   4   1   4   1   3   1  14
E05F15 20 20 15
   1  11  11   5   6   8   2   9  10   5   1   2   1   3  15   2  13   5   7   5
  19   2   1   2   4   2   1   6   1   9
E05F18 20 20 18
   5  11   2  16   6   9   2  16   1   7   5   2   6   4   1  11   5  11  12   2
   1   2   1   7  14   2   8   2   1   3   1   8   1   3   3   3
E05F20 20 20 20
   5   3   8   5   1  11   4   3   6  10  11   4  19   3   5   6   3   9   1   7
   2  17   1   3   1   5   1   2   1   7   1   5   1   2   1   7   1   3   3   3
E05N15 20 20 15
   3   2   5  10   5   8   3  17   1  13   2  11  11   2   5   8   2  14   3  13
   1   2   1  16   6   5   1   5   1  16
E05N17 20 20 17
   1  13   3  13  19   3  13   3   1  20  10   5  13   5   5   6   1  13   4   5
   3   2   2   2   1   4   1   3   1   3   1   2   1  13
E05X15 20 20 15
   7   6   9   6  11   6   3  13   2  10  11   4   5  13   4   2   1  13   1   2
   1   3   1   4   1   7   1   3   2   5
E07F15 20 20 15
   2  10   4   3  11   4   1   3   2   8  13   5   2  20   1  15   8   4   2  17
   1   3  12   4   1   5   1   7   3  10
E07N10 20 20 10
  11   5   7   7   1   9   5  13   1   6  12   2   1  13   1  10   3  14  11   9
E07N15 20 20 15
   5   7   4  11   1  13  11   6   2  20   1  13   3  17   1  15  13   4   3   3
   1  11   1   8   1   7   1   3   1   9
E07X15 20 20 15
  12   5   1  17   4  11   7   9   3   2  11   4   5   9  11   4   1  13   3   4
   1   3   1   3   2   2   1   2   4   3
E08F15 20 20 15
   1  17   9   5   4  13   4   4   7   5   1  12   8   8   7   8   1   9   2  15
   1   3   2   3   5   2   2   2   1   9
E08N15 20 20 15
   7   7   4  13   7   7  13   4   3  17   1  20  16   3   1  10   1   8   1   5
   1   5   1   3   1   4   1   4   3   3
E10N10 20 20 10
   6  11   4   7   1  14   5   3   1   8   1  11   1   5   1  13  13   5  15   9
E10N15 20 20 15
   2  11   1  13  11   6  10   5   2  17   2  14   4  11   2   3   1  17   1  20
   7   2   1  13   1  11   1   9   1  13
E10X15 20 20 15
  14   3   8   8   2  12   1  17   9   7  17   2   1  11   1  13   2  13   1   9
  16   2   2   4   1   5   2   2   2   4
E13N10 20 20 10
   1   3   2  12  17   3  11   3   5  12  10   3   4  12   8   8   1   2   3  11
E13N15 20 20 15
  19   2   9   7   8   5  19   2   2  16   1  20  17   2  14   2  13   2   1   4
   2   3   1   4   1   3   1   2   1  11
E13X15 20 20 15
   2  17   2   5   9   7   9   7   1  15  12   2   9   7   5   7   1   9   2   2
   1   5   1   6   1   2   1   2   1  13
E15N10 20 20 10
   9   5   7   3   2  17  11   3   1   7   9   7   1   5   3  13   1   2   7  13
E15N15 20 20 15
   1  14   2  20   4  11   1  13   1  20   1  13  13   5  14   4  15   2   1  13
   2   7   1   5   1   3   1   2   1  11
E20F15 20 20 15
   1  12  13   5   2  11   5  10  13   4   6   2   3   9  17   2   8   2   3   2
   1   3   1   3   1   5   1   4   3   3
E20X15 20 20 15
  17   3   1  20  14   2   7   7   4  16   2  17   3   2   8   2   1   2   4   6
   1   3   1   3   2   2   1   5   4   3